297 #trees
6 #edges, tree 1
6;9;10;13;16;19;20;22;24;25;26 35
6;9;10;13;16;19;20;22;24;25;26 30
0;1;2 31;33
0;1;2 28;29;32
0;1;2 6;9;10;13;16;19;20;22;24;25;26
0;1;2 3;4
6 #edges, tree 2
30 35
6;9;10;13;16;19;20;22;24;25;26 30
0;1;2 31;33
0;1;2 28;29;32
0;1;2 6;9;10;13;16;19;20;22;24;25;26
0;1;2 3;4
6 #edges, tree 3
6;9;10;13;16;19;20;22;24;25;26 35
6;9;10;13;16;19;20;22;24;25;26 31;33
6;9;10;13;16;19;20;22;24;25;26 30
0;1;2 28;29;32
0;1;2 6;9;10;13;16;19;20;22;24;25;26
0;1;2 3;4
6 #edges, tree 4
35 31;33
6;9;10;13;16;19;20;22;24;25;26 35
6;9;10;13;16;19;20;22;24;25;26 30
0;1;2 28;29;32
0;1;2 6;9;10;13;16;19;20;22;24;25;26
0;1;2 3;4
6 #edges, tree 5
30 31;33
6;9;10;13;16;19;20;22;24;25;26 35
6;9;10;13;16;19;20;22;24;25;26 30
0;1;2 28;29;32
0;1;2 6;9;10;13;16;19;20;22;24;25;26
0;1;2 3;4
6 #edges, tree 6
6;9;10;13;16;19;20;22;24;25;26 31;33
6;9;10;13;16;19;20;22;24;25;26 30
0;1;2 35
0;1;2 28;29;32
0;1;2 6;9;10;13;16;19;20;22;24;25;26
0;1;2 3;4
6 #edges, tree 7
30 35
6;9;10;13;16;19;20;22;24;25;26 31;33
6;9;10;13;16;19;20;22;24;25;26 30
0;1;2 28;29;32
0;1;2 6;9;10;13;16;19;20;22;24;25;26
0;1;2 3;4
6 #edges, tree 8
30 31;33
6;9;10;13;16;19;20;22;24;25;26 30
0;1;2 35
0;1;2 28;29;32
0;1;2 6;9;10;13;16;19;20;22;24;25;26
0;1;2 3;4
6 #edges, tree 9
35 31;33
30 35
6;9;10;13;16;19;20;22;24;25;26 30
0;1;2 28;29;32
0;1;2 6;9;10;13;16;19;20;22;24;25;26
0;1;2 3;4
6 #edges, tree 10
35 31;33
6;9;10;13;16;19;20;22;24;25;26 30
0;1;2 35
0;1;2 28;29;32
0;1;2 6;9;10;13;16;19;20;22;24;25;26
0;1;2 3;4
6 #edges, tree 11
31;33 3;4
6;9;10;13;16;19;20;22;24;25;26 31;33
6;9;10;13;16;19;20;22;24;25;26 30
0;1;2 35
0;1;2 28;29;32
0;1;2 6;9;10;13;16;19;20;22;24;25;26
6 #edges, tree 12
35 3;4
6;9;10;13;16;19;20;22;24;25;26 31;33
6;9;10;13;16;19;20;22;24;25;26 30
0;1;2 35
0;1;2 28;29;32
0;1;2 6;9;10;13;16;19;20;22;24;25;26
6 #edges, tree 13
30 3;4
6;9;10;13;16;19;20;22;24;25;26 31;33
6;9;10;13;16;19;20;22;24;25;26 30
0;1;2 35
0;1;2 28;29;32
0;1;2 6;9;10;13;16;19;20;22;24;25;26
6 #edges, tree 14
6;9;10;13;16;19;20;22;24;25;26 31;33
6;9;10;13;16;19;20;22;24;25;26 30
6;9;10;13;16;19;20;22;24;25;26 3;4
0;1;2 35
0;1;2 28;29;32
0;1;2 6;9;10;13;16;19;20;22;24;25;26
6 #edges, tree 15
35 31;33
35 3;4
6;9;10;13;16;19;20;22;24;25;26 30
0;1;2 35
0;1;2 28;29;32
0;1;2 6;9;10;13;16;19;20;22;24;25;26
6 #edges, tree 16
35 3;4
30 31;33
6;9;10;13;16;19;20;22;24;25;26 30
0;1;2 35
0;1;2 28;29;32
0;1;2 6;9;10;13;16;19;20;22;24;25;26
6 #edges, tree 17
35 31;33
30 3;4
6;9;10;13;16;19;20;22;24;25;26 30
0;1;2 35
0;1;2 28;29;32
0;1;2 6;9;10;13;16;19;20;22;24;25;26
6 #edges, tree 18
30 31;33
30 3;4
6;9;10;13;16;19;20;22;24;25;26 30
0;1;2 35
0;1;2 28;29;32
0;1;2 6;9;10;13;16;19;20;22;24;25;26
6 #edges, tree 19
35 31;33
6;9;10;13;16;19;20;22;24;25;26 30
6;9;10;13;16;19;20;22;24;25;26 3;4
0;1;2 35
0;1;2 28;29;32
0;1;2 6;9;10;13;16;19;20;22;24;25;26
6 #edges, tree 20
35 31;33
31;33 3;4
6;9;10;13;16;19;20;22;24;25;26 30
0;1;2 35
0;1;2 28;29;32
0;1;2 6;9;10;13;16;19;20;22;24;25;26
6 #edges, tree 21
30 31;33
6;9;10;13;16;19;20;22;24;25;26 30
6;9;10;13;16;19;20;22;24;25;26 3;4
0;1;2 35
0;1;2 28;29;32
0;1;2 6;9;10;13;16;19;20;22;24;25;26
6 #edges, tree 22
31;33 3;4
30 31;33
6;9;10;13;16;19;20;22;24;25;26 30
0;1;2 35
0;1;2 28;29;32
0;1;2 6;9;10;13;16;19;20;22;24;25;26
6 #edges, tree 23
6;9;10;13;16;19;20;22;24;25;26 35
6;9;10;13;16;19;20;22;24;25;26 30
6;9;10;13;16;19;20;22;24;25;26 3;4
0;1;2 31;33
0;1;2 28;29;32
0;1;2 6;9;10;13;16;19;20;22;24;25;26
6 #edges, tree 24
31;33 3;4
6;9;10;13;16;19;20;22;24;25;26 35
6;9;10;13;16;19;20;22;24;25;26 30
0;1;2 31;33
0;1;2 28;29;32
0;1;2 6;9;10;13;16;19;20;22;24;25;26
6 #edges, tree 25
30 3;4
6;9;10;13;16;19;20;22;24;25;26 35
6;9;10;13;16;19;20;22;24;25;26 30
0;1;2 31;33
0;1;2 28;29;32
0;1;2 6;9;10;13;16;19;20;22;24;25;26
6 #edges, tree 26
35 3;4
6;9;10;13;16;19;20;22;24;25;26 35
6;9;10;13;16;19;20;22;24;25;26 30
0;1;2 31;33
0;1;2 28;29;32
0;1;2 6;9;10;13;16;19;20;22;24;25;26
6 #edges, tree 27
35 3;4
30 35
6;9;10;13;16;19;20;22;24;25;26 30
0;1;2 31;33
0;1;2 28;29;32
0;1;2 6;9;10;13;16;19;20;22;24;25;26
6 #edges, tree 28
30 35
30 3;4
6;9;10;13;16;19;20;22;24;25;26 30
0;1;2 31;33
0;1;2 28;29;32
0;1;2 6;9;10;13;16;19;20;22;24;25;26
6 #edges, tree 29
30 35
6;9;10;13;16;19;20;22;24;25;26 30
6;9;10;13;16;19;20;22;24;25;26 3;4
0;1;2 31;33
0;1;2 28;29;32
0;1;2 6;9;10;13;16;19;20;22;24;25;26
6 #edges, tree 30
31;33 3;4
30 35
6;9;10;13;16;19;20;22;24;25;26 30
0;1;2 31;33
0;1;2 28;29;32
0;1;2 6;9;10;13;16;19;20;22;24;25;26
6 #edges, tree 31
31;33 3;4
6;9;10;13;16;19;20;22;24;25;26 35
6;9;10;13;16;19;20;22;24;25;26 31;33
6;9;10;13;16;19;20;22;24;25;26 30
0;1;2 28;29;32
0;1;2 6;9;10;13;16;19;20;22;24;25;26
6 #edges, tree 32
31;33 3;4
30 35
6;9;10;13;16;19;20;22;24;25;26 31;33
6;9;10;13;16;19;20;22;24;25;26 30
0;1;2 28;29;32
0;1;2 6;9;10;13;16;19;20;22;24;25;26
6 #edges, tree 33
30 35
30 3;4
6;9;10;13;16;19;20;22;24;25;26 31;33
6;9;10;13;16;19;20;22;24;25;26 30
0;1;2 28;29;32
0;1;2 6;9;10;13;16;19;20;22;24;25;26
6 #edges, tree 34
35 3;4
30 35
6;9;10;13;16;19;20;22;24;25;26 31;33
6;9;10;13;16;19;20;22;24;25;26 30
0;1;2 28;29;32
0;1;2 6;9;10;13;16;19;20;22;24;25;26
6 #edges, tree 35
30 35
6;9;10;13;16;19;20;22;24;25;26 31;33
6;9;10;13;16;19;20;22;24;25;26 30
6;9;10;13;16;19;20;22;24;25;26 3;4
0;1;2 28;29;32
0;1;2 6;9;10;13;16;19;20;22;24;25;26
6 #edges, tree 36
30 3;4
6;9;10;13;16;19;20;22;24;25;26 35
6;9;10;13;16;19;20;22;24;25;26 31;33
6;9;10;13;16;19;20;22;24;25;26 30
0;1;2 28;29;32
0;1;2 6;9;10;13;16;19;20;22;24;25;26
6 #edges, tree 37
6;9;10;13;16;19;20;22;24;25;26 35
6;9;10;13;16;19;20;22;24;25;26 31;33
6;9;10;13;16;19;20;22;24;25;26 30
6;9;10;13;16;19;20;22;24;25;26 3;4
0;1;2 28;29;32
0;1;2 6;9;10;13;16;19;20;22;24;25;26
6 #edges, tree 38
35 3;4
6;9;10;13;16;19;20;22;24;25;26 35
6;9;10;13;16;19;20;22;24;25;26 31;33
6;9;10;13;16;19;20;22;24;25;26 30
0;1;2 28;29;32
0;1;2 6;9;10;13;16;19;20;22;24;25;26
6 #edges, tree 39
35 31;33
35 3;4
30 35
6;9;10;13;16;19;20;22;24;25;26 30
0;1;2 28;29;32
0;1;2 6;9;10;13;16;19;20;22;24;25;26
6 #edges, tree 40
35 31;33
30 35
30 3;4
6;9;10;13;16;19;20;22;24;25;26 30
0;1;2 28;29;32
0;1;2 6;9;10;13;16;19;20;22;24;25;26
6 #edges, tree 41
35 31;33
31;33 3;4
30 35
6;9;10;13;16;19;20;22;24;25;26 30
0;1;2 28;29;32
0;1;2 6;9;10;13;16;19;20;22;24;25;26
6 #edges, tree 42
35 31;33
30 35
6;9;10;13;16;19;20;22;24;25;26 30
6;9;10;13;16;19;20;22;24;25;26 3;4
0;1;2 28;29;32
0;1;2 6;9;10;13;16;19;20;22;24;25;26
6 #edges, tree 43
30 31;33
30 3;4
6;9;10;13;16;19;20;22;24;25;26 35
6;9;10;13;16;19;20;22;24;25;26 30
0;1;2 28;29;32
0;1;2 6;9;10;13;16;19;20;22;24;25;26
6 #edges, tree 44
35 31;33
30 3;4
6;9;10;13;16;19;20;22;24;25;26 35
6;9;10;13;16;19;20;22;24;25;26 30
0;1;2 28;29;32
0;1;2 6;9;10;13;16;19;20;22;24;25;26
6 #edges, tree 45
30 31;33
6;9;10;13;16;19;20;22;24;25;26 35
6;9;10;13;16;19;20;22;24;25;26 30
6;9;10;13;16;19;20;22;24;25;26 3;4
0;1;2 28;29;32
0;1;2 6;9;10;13;16;19;20;22;24;25;26
6 #edges, tree 46
35 31;33
6;9;10;13;16;19;20;22;24;25;26 35
6;9;10;13;16;19;20;22;24;25;26 30
6;9;10;13;16;19;20;22;24;25;26 3;4
0;1;2 28;29;32
0;1;2 6;9;10;13;16;19;20;22;24;25;26
6 #edges, tree 47
31;33 3;4
30 31;33
6;9;10;13;16;19;20;22;24;25;26 35
6;9;10;13;16;19;20;22;24;25;26 30
0;1;2 28;29;32
0;1;2 6;9;10;13;16;19;20;22;24;25;26
6 #edges, tree 48
35 3;4
30 31;33
6;9;10;13;16;19;20;22;24;25;26 35
6;9;10;13;16;19;20;22;24;25;26 30
0;1;2 28;29;32
0;1;2 6;9;10;13;16;19;20;22;24;25;26
6 #edges, tree 49
35 31;33
31;33 3;4
6;9;10;13;16;19;20;22;24;25;26 35
6;9;10;13;16;19;20;22;24;25;26 30
0;1;2 28;29;32
0;1;2 6;9;10;13;16;19;20;22;24;25;26
6 #edges, tree 50
35 31;33
35 3;4
6;9;10;13;16;19;20;22;24;25;26 35
6;9;10;13;16;19;20;22;24;25;26 30
0;1;2 28;29;32
0;1;2 6;9;10;13;16;19;20;22;24;25;26
6 #edges, tree 51
6;9;10;13;16;19;20;22;24;25;26 35
6;9;10;13;16;19;20;22;24;25;26 30
3;4 28;29;32
0;1;2 31;33
0;1;2 6;9;10;13;16;19;20;22;24;25;26
0;1;2 3;4
6 #edges, tree 52
30 35
6;9;10;13;16;19;20;22;24;25;26 30
3;4 28;29;32
0;1;2 31;33
0;1;2 6;9;10;13;16;19;20;22;24;25;26
0;1;2 3;4
6 #edges, tree 53
35 31;33
6;9;10;13;16;19;20;22;24;25;26 35
6;9;10;13;16;19;20;22;24;25;26 30
3;4 28;29;32
0;1;2 6;9;10;13;16;19;20;22;24;25;26
0;1;2 3;4
6 #edges, tree 54
6;9;10;13;16;19;20;22;24;25;26 35
6;9;10;13;16;19;20;22;24;25;26 31;33
6;9;10;13;16;19;20;22;24;25;26 30
3;4 28;29;32
0;1;2 6;9;10;13;16;19;20;22;24;25;26
0;1;2 3;4
6 #edges, tree 55
30 31;33
6;9;10;13;16;19;20;22;24;25;26 35
6;9;10;13;16;19;20;22;24;25;26 30
3;4 28;29;32
0;1;2 6;9;10;13;16;19;20;22;24;25;26
0;1;2 3;4
6 #edges, tree 56
6;9;10;13;16;19;20;22;24;25;26 31;33
6;9;10;13;16;19;20;22;24;25;26 30
3;4 28;29;32
0;1;2 35
0;1;2 6;9;10;13;16;19;20;22;24;25;26
0;1;2 3;4
6 #edges, tree 57
30 35
6;9;10;13;16;19;20;22;24;25;26 31;33
6;9;10;13;16;19;20;22;24;25;26 30
3;4 28;29;32
0;1;2 6;9;10;13;16;19;20;22;24;25;26
0;1;2 3;4
6 #edges, tree 58
30 31;33
6;9;10;13;16;19;20;22;24;25;26 30
3;4 28;29;32
0;1;2 35
0;1;2 6;9;10;13;16;19;20;22;24;25;26
0;1;2 3;4
6 #edges, tree 59
35 31;33
30 35
6;9;10;13;16;19;20;22;24;25;26 30
3;4 28;29;32
0;1;2 6;9;10;13;16;19;20;22;24;25;26
0;1;2 3;4
6 #edges, tree 60
35 31;33
6;9;10;13;16;19;20;22;24;25;26 30
3;4 28;29;32
0;1;2 35
0;1;2 6;9;10;13;16;19;20;22;24;25;26
0;1;2 3;4
6 #edges, tree 61
31;33 28;29;32
30 35
6;9;10;13;16;19;20;22;24;25;26 30
0;1;2 31;33
0;1;2 6;9;10;13;16;19;20;22;24;25;26
0;1;2 3;4
6 #edges, tree 62
31;33 28;29;32
6;9;10;13;16;19;20;22;24;25;26 35
6;9;10;13;16;19;20;22;24;25;26 30
0;1;2 31;33
0;1;2 6;9;10;13;16;19;20;22;24;25;26
0;1;2 3;4
6 #edges, tree 63
30 35
30 28;29;32
6;9;10;13;16;19;20;22;24;25;26 30
0;1;2 31;33
0;1;2 6;9;10;13;16;19;20;22;24;25;26
0;1;2 3;4
6 #edges, tree 64
30 28;29;32
6;9;10;13;16;19;20;22;24;25;26 35
6;9;10;13;16;19;20;22;24;25;26 30
0;1;2 31;33
0;1;2 6;9;10;13;16;19;20;22;24;25;26
0;1;2 3;4
6 #edges, tree 65
30 35
6;9;10;13;16;19;20;22;24;25;26 30
6;9;10;13;16;19;20;22;24;25;26 28;29;32
0;1;2 31;33
0;1;2 6;9;10;13;16;19;20;22;24;25;26
0;1;2 3;4
6 #edges, tree 66
6;9;10;13;16;19;20;22;24;25;26 35
6;9;10;13;16;19;20;22;24;25;26 30
6;9;10;13;16;19;20;22;24;25;26 28;29;32
0;1;2 31;33
0;1;2 6;9;10;13;16;19;20;22;24;25;26
0;1;2 3;4
6 #edges, tree 67
35 28;29;32
30 35
6;9;10;13;16;19;20;22;24;25;26 30
0;1;2 31;33
0;1;2 6;9;10;13;16;19;20;22;24;25;26
0;1;2 3;4
6 #edges, tree 68
35 28;29;32
6;9;10;13;16;19;20;22;24;25;26 35
6;9;10;13;16;19;20;22;24;25;26 30
0;1;2 31;33
0;1;2 6;9;10;13;16;19;20;22;24;25;26
0;1;2 3;4
6 #edges, tree 69
35 31;33
35 28;29;32
6;9;10;13;16;19;20;22;24;25;26 30
0;1;2 35
0;1;2 6;9;10;13;16;19;20;22;24;25;26
0;1;2 3;4
6 #edges, tree 70
35 31;33
30 28;29;32
6;9;10;13;16;19;20;22;24;25;26 30
0;1;2 35
0;1;2 6;9;10;13;16;19;20;22;24;25;26
0;1;2 3;4
6 #edges, tree 71
35 31;33
6;9;10;13;16;19;20;22;24;25;26 30
6;9;10;13;16;19;20;22;24;25;26 28;29;32
0;1;2 35
0;1;2 6;9;10;13;16;19;20;22;24;25;26
0;1;2 3;4
6 #edges, tree 72
35 31;33
31;33 28;29;32
6;9;10;13;16;19;20;22;24;25;26 30
0;1;2 35
0;1;2 6;9;10;13;16;19;20;22;24;25;26
0;1;2 3;4
6 #edges, tree 73
35 28;29;32
30 31;33
6;9;10;13;16;19;20;22;24;25;26 30
0;1;2 35
0;1;2 6;9;10;13;16;19;20;22;24;25;26
0;1;2 3;4
6 #edges, tree 74
31;33 28;29;32
30 31;33
6;9;10;13;16;19;20;22;24;25;26 30
0;1;2 35
0;1;2 6;9;10;13;16;19;20;22;24;25;26
0;1;2 3;4
6 #edges, tree 75
30 31;33
30 28;29;32
6;9;10;13;16;19;20;22;24;25;26 30
0;1;2 35
0;1;2 6;9;10;13;16;19;20;22;24;25;26
0;1;2 3;4
6 #edges, tree 76
30 31;33
6;9;10;13;16;19;20;22;24;25;26 30
6;9;10;13;16;19;20;22;24;25;26 28;29;32
0;1;2 35
0;1;2 6;9;10;13;16;19;20;22;24;25;26
0;1;2 3;4
6 #edges, tree 77
35 28;29;32
6;9;10;13;16;19;20;22;24;25;26 31;33
6;9;10;13;16;19;20;22;24;25;26 30
0;1;2 35
0;1;2 6;9;10;13;16;19;20;22;24;25;26
0;1;2 3;4
6 #edges, tree 78
30 28;29;32
6;9;10;13;16;19;20;22;24;25;26 31;33
6;9;10;13;16;19;20;22;24;25;26 30
0;1;2 35
0;1;2 6;9;10;13;16;19;20;22;24;25;26
0;1;2 3;4
6 #edges, tree 79
31;33 28;29;32
6;9;10;13;16;19;20;22;24;25;26 31;33
6;9;10;13;16;19;20;22;24;25;26 30
0;1;2 35
0;1;2 6;9;10;13;16;19;20;22;24;25;26
0;1;2 3;4
6 #edges, tree 80
6;9;10;13;16;19;20;22;24;25;26 31;33
6;9;10;13;16;19;20;22;24;25;26 30
6;9;10;13;16;19;20;22;24;25;26 28;29;32
0;1;2 35
0;1;2 6;9;10;13;16;19;20;22;24;25;26
0;1;2 3;4
6 #edges, tree 81
31;33 28;29;32
30 35
6;9;10;13;16;19;20;22;24;25;26 31;33
6;9;10;13;16;19;20;22;24;25;26 30
0;1;2 6;9;10;13;16;19;20;22;24;25;26
0;1;2 3;4
6 #edges, tree 82
30 35
6;9;10;13;16;19;20;22;24;25;26 31;33
6;9;10;13;16;19;20;22;24;25;26 30
6;9;10;13;16;19;20;22;24;25;26 28;29;32
0;1;2 6;9;10;13;16;19;20;22;24;25;26
0;1;2 3;4
6 #edges, tree 83
35 28;29;32
30 35
6;9;10;13;16;19;20;22;24;25;26 31;33
6;9;10;13;16;19;20;22;24;25;26 30
0;1;2 6;9;10;13;16;19;20;22;24;25;26
0;1;2 3;4
6 #edges, tree 84
30 35
30 28;29;32
6;9;10;13;16;19;20;22;24;25;26 31;33
6;9;10;13;16;19;20;22;24;25;26 30
0;1;2 6;9;10;13;16;19;20;22;24;25;26
0;1;2 3;4
6 #edges, tree 85
6;9;10;13;16;19;20;22;24;25;26 35
6;9;10;13;16;19;20;22;24;25;26 31;33
6;9;10;13;16;19;20;22;24;25;26 30
6;9;10;13;16;19;20;22;24;25;26 28;29;32
0;1;2 6;9;10;13;16;19;20;22;24;25;26
0;1;2 3;4
6 #edges, tree 86
31;33 28;29;32
6;9;10;13;16;19;20;22;24;25;26 35
6;9;10;13;16;19;20;22;24;25;26 31;33
6;9;10;13;16;19;20;22;24;25;26 30
0;1;2 6;9;10;13;16;19;20;22;24;25;26
0;1;2 3;4
6 #edges, tree 87
30 28;29;32
6;9;10;13;16;19;20;22;24;25;26 35
6;9;10;13;16;19;20;22;24;25;26 31;33
6;9;10;13;16;19;20;22;24;25;26 30
0;1;2 6;9;10;13;16;19;20;22;24;25;26
0;1;2 3;4
6 #edges, tree 88
35 28;29;32
6;9;10;13;16;19;20;22;24;25;26 35
6;9;10;13;16;19;20;22;24;25;26 31;33
6;9;10;13;16;19;20;22;24;25;26 30
0;1;2 6;9;10;13;16;19;20;22;24;25;26
0;1;2 3;4
6 #edges, tree 89
35 31;33
6;9;10;13;16;19;20;22;24;25;26 35
6;9;10;13;16;19;20;22;24;25;26 30
6;9;10;13;16;19;20;22;24;25;26 28;29;32
0;1;2 6;9;10;13;16;19;20;22;24;25;26
0;1;2 3;4
6 #edges, tree 90
30 31;33
6;9;10;13;16;19;20;22;24;25;26 35
6;9;10;13;16;19;20;22;24;25;26 30
6;9;10;13;16;19;20;22;24;25;26 28;29;32
0;1;2 6;9;10;13;16;19;20;22;24;25;26
0;1;2 3;4
6 #edges, tree 91
35 31;33
30 35
6;9;10;13;16;19;20;22;24;25;26 30
6;9;10;13;16;19;20;22;24;25;26 28;29;32
0;1;2 6;9;10;13;16;19;20;22;24;25;26
0;1;2 3;4
6 #edges, tree 92
31;33 28;29;32
30 31;33
6;9;10;13;16;19;20;22;24;25;26 35
6;9;10;13;16;19;20;22;24;25;26 30
0;1;2 6;9;10;13;16;19;20;22;24;25;26
0;1;2 3;4
6 #edges, tree 93
30 31;33
30 28;29;32
6;9;10;13;16;19;20;22;24;25;26 35
6;9;10;13;16;19;20;22;24;25;26 30
0;1;2 6;9;10;13;16;19;20;22;24;25;26
0;1;2 3;4
6 #edges, tree 94
35 28;29;32
30 31;33
6;9;10;13;16;19;20;22;24;25;26 35
6;9;10;13;16;19;20;22;24;25;26 30
0;1;2 6;9;10;13;16;19;20;22;24;25;26
0;1;2 3;4
6 #edges, tree 95
35 31;33
35 28;29;32
6;9;10;13;16;19;20;22;24;25;26 35
6;9;10;13;16;19;20;22;24;25;26 30
0;1;2 6;9;10;13;16;19;20;22;24;25;26
0;1;2 3;4
6 #edges, tree 96
35 31;33
30 28;29;32
6;9;10;13;16;19;20;22;24;25;26 35
6;9;10;13;16;19;20;22;24;25;26 30
0;1;2 6;9;10;13;16;19;20;22;24;25;26
0;1;2 3;4
6 #edges, tree 97
35 31;33
31;33 28;29;32
6;9;10;13;16;19;20;22;24;25;26 35
6;9;10;13;16;19;20;22;24;25;26 30
0;1;2 6;9;10;13;16;19;20;22;24;25;26
0;1;2 3;4
6 #edges, tree 98
35 31;33
30 35
30 28;29;32
6;9;10;13;16;19;20;22;24;25;26 30
0;1;2 6;9;10;13;16;19;20;22;24;25;26
0;1;2 3;4
6 #edges, tree 99
35 31;33
31;33 28;29;32
30 35
6;9;10;13;16;19;20;22;24;25;26 30
0;1;2 6;9;10;13;16;19;20;22;24;25;26
0;1;2 3;4
6 #edges, tree 100
35 31;33
35 28;29;32
30 35
6;9;10;13;16;19;20;22;24;25;26 30
0;1;2 6;9;10;13;16;19;20;22;24;25;26
0;1;2 3;4
6 #edges, tree 101
31;33 3;4
6;9;10;13;16;19;20;22;24;25;26 35
6;9;10;13;16;19;20;22;24;25;26 30
6;9;10;13;16;19;20;22;24;25;26 28;29;32
0;1;2 31;33
0;1;2 6;9;10;13;16;19;20;22;24;25;26
6 #edges, tree 102
35 3;4
6;9;10;13;16;19;20;22;24;25;26 35
6;9;10;13;16;19;20;22;24;25;26 30
6;9;10;13;16;19;20;22;24;25;26 28;29;32
0;1;2 31;33
0;1;2 6;9;10;13;16;19;20;22;24;25;26
6 #edges, tree 103
30 3;4
6;9;10;13;16;19;20;22;24;25;26 35
6;9;10;13;16;19;20;22;24;25;26 30
6;9;10;13;16;19;20;22;24;25;26 28;29;32
0;1;2 31;33
0;1;2 6;9;10;13;16;19;20;22;24;25;26
6 #edges, tree 104
6;9;10;13;16;19;20;22;24;25;26 35
6;9;10;13;16;19;20;22;24;25;26 30
6;9;10;13;16;19;20;22;24;25;26 28;29;32
6;9;10;13;16;19;20;22;24;25;26 3;4
0;1;2 31;33
0;1;2 6;9;10;13;16;19;20;22;24;25;26
6 #edges, tree 105
35 28;29;32
31;33 3;4
6;9;10;13;16;19;20;22;24;25;26 35
6;9;10;13;16;19;20;22;24;25;26 30
0;1;2 31;33
0;1;2 6;9;10;13;16;19;20;22;24;25;26
6 #edges, tree 106
35 28;29;32
6;9;10;13;16;19;20;22;24;25;26 35
6;9;10;13;16;19;20;22;24;25;26 30
6;9;10;13;16;19;20;22;24;25;26 3;4
0;1;2 31;33
0;1;2 6;9;10;13;16;19;20;22;24;25;26
6 #edges, tree 107
35 28;29;32
35 3;4
6;9;10;13;16;19;20;22;24;25;26 35
6;9;10;13;16;19;20;22;24;25;26 30
0;1;2 31;33
0;1;2 6;9;10;13;16;19;20;22;24;25;26
6 #edges, tree 108
35 28;29;32
30 3;4
6;9;10;13;16;19;20;22;24;25;26 35
6;9;10;13;16;19;20;22;24;25;26 30
0;1;2 31;33
0;1;2 6;9;10;13;16;19;20;22;24;25;26
6 #edges, tree 109
31;33 28;29;32
6;9;10;13;16;19;20;22;24;25;26 35
6;9;10;13;16;19;20;22;24;25;26 30
6;9;10;13;16;19;20;22;24;25;26 3;4
0;1;2 31;33
0;1;2 6;9;10;13;16;19;20;22;24;25;26
6 #edges, tree 110
30 28;29;32
6;9;10;13;16;19;20;22;24;25;26 35
6;9;10;13;16;19;20;22;24;25;26 30
6;9;10;13;16;19;20;22;24;25;26 3;4
0;1;2 31;33
0;1;2 6;9;10;13;16;19;20;22;24;25;26
6 #edges, tree 111
6;9;10;13;16;19;20;22;24;25;26 35
6;9;10;13;16;19;20;22;24;25;26 30
6;9;10;13;16;19;20;22;24;25;26 3;4
3;4 28;29;32
0;1;2 31;33
0;1;2 6;9;10;13;16;19;20;22;24;25;26
6 #edges, tree 112
31;33 28;29;32
31;33 3;4
6;9;10;13;16;19;20;22;24;25;26 35
6;9;10;13;16;19;20;22;24;25;26 30
0;1;2 31;33
0;1;2 6;9;10;13;16;19;20;22;24;25;26
6 #edges, tree 113
35 3;4
31;33 28;29;32
6;9;10;13;16;19;20;22;24;25;26 35
6;9;10;13;16;19;20;22;24;25;26 30
0;1;2 31;33
0;1;2 6;9;10;13;16;19;20;22;24;25;26
6 #edges, tree 114
31;33 28;29;32
30 3;4
6;9;10;13;16;19;20;22;24;25;26 35
6;9;10;13;16;19;20;22;24;25;26 30
0;1;2 31;33
0;1;2 6;9;10;13;16;19;20;22;24;25;26
6 #edges, tree 115
35 3;4
30 28;29;32
6;9;10;13;16;19;20;22;24;25;26 35
6;9;10;13;16;19;20;22;24;25;26 30
0;1;2 31;33
0;1;2 6;9;10;13;16;19;20;22;24;25;26
6 #edges, tree 116
35 3;4
6;9;10;13;16;19;20;22;24;25;26 35
6;9;10;13;16;19;20;22;24;25;26 30
3;4 28;29;32
0;1;2 31;33
0;1;2 6;9;10;13;16;19;20;22;24;25;26
6 #edges, tree 117
31;33 3;4
30 28;29;32
6;9;10;13;16;19;20;22;24;25;26 35
6;9;10;13;16;19;20;22;24;25;26 30
0;1;2 31;33
0;1;2 6;9;10;13;16;19;20;22;24;25;26
6 #edges, tree 118
30 28;29;32
30 3;4
6;9;10;13;16;19;20;22;24;25;26 35
6;9;10;13;16;19;20;22;24;25;26 30
0;1;2 31;33
0;1;2 6;9;10;13;16;19;20;22;24;25;26
6 #edges, tree 119
30 3;4
6;9;10;13;16;19;20;22;24;25;26 35
6;9;10;13;16;19;20;22;24;25;26 30
3;4 28;29;32
0;1;2 31;33
0;1;2 6;9;10;13;16;19;20;22;24;25;26
6 #edges, tree 120
31;33 3;4
6;9;10;13;16;19;20;22;24;25;26 35
6;9;10;13;16;19;20;22;24;25;26 30
3;4 28;29;32
0;1;2 31;33
0;1;2 6;9;10;13;16;19;20;22;24;25;26
6 #edges, tree 121
30 35
6;9;10;13;16;19;20;22;24;25;26 30
6;9;10;13;16;19;20;22;24;25;26 28;29;32
6;9;10;13;16;19;20;22;24;25;26 3;4
0;1;2 31;33
0;1;2 6;9;10;13;16;19;20;22;24;25;26
6 #edges, tree 122
31;33 28;29;32
30 35
6;9;10;13;16;19;20;22;24;25;26 30
6;9;10;13;16;19;20;22;24;25;26 3;4
0;1;2 31;33
0;1;2 6;9;10;13;16;19;20;22;24;25;26
6 #edges, tree 123
30 35
6;9;10;13;16;19;20;22;24;25;26 30
6;9;10;13;16;19;20;22;24;25;26 3;4
3;4 28;29;32
0;1;2 31;33
0;1;2 6;9;10;13;16;19;20;22;24;25;26
6 #edges, tree 124
30 35
30 28;29;32
6;9;10;13;16;19;20;22;24;25;26 30
6;9;10;13;16;19;20;22;24;25;26 3;4
0;1;2 31;33
0;1;2 6;9;10;13;16;19;20;22;24;25;26
6 #edges, tree 125
35 28;29;32
30 35
6;9;10;13;16;19;20;22;24;25;26 30
6;9;10;13;16;19;20;22;24;25;26 3;4
0;1;2 31;33
0;1;2 6;9;10;13;16;19;20;22;24;25;26
6 #edges, tree 126
31;33 28;29;32
31;33 3;4
30 35
6;9;10;13;16;19;20;22;24;25;26 30
0;1;2 31;33
0;1;2 6;9;10;13;16;19;20;22;24;25;26
6 #edges, tree 127
31;33 3;4
30 35
6;9;10;13;16;19;20;22;24;25;26 30
6;9;10;13;16;19;20;22;24;25;26 28;29;32
0;1;2 31;33
0;1;2 6;9;10;13;16;19;20;22;24;25;26
6 #edges, tree 128
31;33 3;4
30 35
30 28;29;32
6;9;10;13;16;19;20;22;24;25;26 30
0;1;2 31;33
0;1;2 6;9;10;13;16;19;20;22;24;25;26
6 #edges, tree 129
31;33 3;4
30 35
6;9;10;13;16;19;20;22;24;25;26 30
3;4 28;29;32
0;1;2 31;33
0;1;2 6;9;10;13;16;19;20;22;24;25;26
6 #edges, tree 130
35 28;29;32
31;33 3;4
30 35
6;9;10;13;16;19;20;22;24;25;26 30
0;1;2 31;33
0;1;2 6;9;10;13;16;19;20;22;24;25;26
6 #edges, tree 131
30 35
30 3;4
6;9;10;13;16;19;20;22;24;25;26 30
6;9;10;13;16;19;20;22;24;25;26 28;29;32
0;1;2 31;33
0;1;2 6;9;10;13;16;19;20;22;24;25;26
6 #edges, tree 132
35 3;4
30 35
6;9;10;13;16;19;20;22;24;25;26 30
6;9;10;13;16;19;20;22;24;25;26 28;29;32
0;1;2 31;33
0;1;2 6;9;10;13;16;19;20;22;24;25;26
6 #edges, tree 133
31;33 28;29;32
30 35
30 3;4
6;9;10;13;16;19;20;22;24;25;26 30
0;1;2 31;33
0;1;2 6;9;10;13;16;19;20;22;24;25;26
6 #edges, tree 134
35 3;4
31;33 28;29;32
30 35
6;9;10;13;16;19;20;22;24;25;26 30
0;1;2 31;33
0;1;2 6;9;10;13;16;19;20;22;24;25;26
6 #edges, tree 135
35 28;29;32
35 3;4
30 35
6;9;10;13;16;19;20;22;24;25;26 30
0;1;2 31;33
0;1;2 6;9;10;13;16;19;20;22;24;25;26
6 #edges, tree 136
35 3;4
30 35
30 28;29;32
6;9;10;13;16;19;20;22;24;25;26 30
0;1;2 31;33
0;1;2 6;9;10;13;16;19;20;22;24;25;26
6 #edges, tree 137
35 3;4
30 35
6;9;10;13;16;19;20;22;24;25;26 30
3;4 28;29;32
0;1;2 31;33
0;1;2 6;9;10;13;16;19;20;22;24;25;26
6 #edges, tree 138
30 35
30 28;29;32
30 3;4
6;9;10;13;16;19;20;22;24;25;26 30
0;1;2 31;33
0;1;2 6;9;10;13;16;19;20;22;24;25;26
6 #edges, tree 139
35 28;29;32
30 35
30 3;4
6;9;10;13;16;19;20;22;24;25;26 30
0;1;2 31;33
0;1;2 6;9;10;13;16;19;20;22;24;25;26
6 #edges, tree 140
30 35
30 3;4
6;9;10;13;16;19;20;22;24;25;26 30
3;4 28;29;32
0;1;2 31;33
0;1;2 6;9;10;13;16;19;20;22;24;25;26
6 #edges, tree 141
35 31;33
31;33 28;29;32
30 3;4
6;9;10;13;16;19;20;22;24;25;26 30
0;1;2 35
0;1;2 6;9;10;13;16;19;20;22;24;25;26
6 #edges, tree 142
35 31;33
31;33 28;29;32
6;9;10;13;16;19;20;22;24;25;26 30
6;9;10;13;16;19;20;22;24;25;26 3;4
0;1;2 35
0;1;2 6;9;10;13;16;19;20;22;24;25;26
6 #edges, tree 143
35 31;33
35 3;4
31;33 28;29;32
6;9;10;13;16;19;20;22;24;25;26 30
0;1;2 35
0;1;2 6;9;10;13;16;19;20;22;24;25;26
6 #edges, tree 144
35 31;33
31;33 28;29;32
31;33 3;4
6;9;10;13;16;19;20;22;24;25;26 30
0;1;2 35
0;1;2 6;9;10;13;16;19;20;22;24;25;26
6 #edges, tree 145
35 31;33
6;9;10;13;16;19;20;22;24;25;26 30
6;9;10;13;16;19;20;22;24;25;26 28;29;32
6;9;10;13;16;19;20;22;24;25;26 3;4
0;1;2 35
0;1;2 6;9;10;13;16;19;20;22;24;25;26
6 #edges, tree 146
35 31;33
31;33 3;4
6;9;10;13;16;19;20;22;24;25;26 30
6;9;10;13;16;19;20;22;24;25;26 28;29;32
0;1;2 35
0;1;2 6;9;10;13;16;19;20;22;24;25;26
6 #edges, tree 147
35 31;33
30 3;4
6;9;10;13;16;19;20;22;24;25;26 30
6;9;10;13;16;19;20;22;24;25;26 28;29;32
0;1;2 35
0;1;2 6;9;10;13;16;19;20;22;24;25;26
6 #edges, tree 148
35 31;33
35 3;4
6;9;10;13;16;19;20;22;24;25;26 30
6;9;10;13;16;19;20;22;24;25;26 28;29;32
0;1;2 35
0;1;2 6;9;10;13;16;19;20;22;24;25;26
6 #edges, tree 149
35 31;33
35 3;4
30 28;29;32
6;9;10;13;16;19;20;22;24;25;26 30
0;1;2 35
0;1;2 6;9;10;13;16;19;20;22;24;25;26
6 #edges, tree 150
35 31;33
30 28;29;32
6;9;10;13;16;19;20;22;24;25;26 30
6;9;10;13;16;19;20;22;24;25;26 3;4
0;1;2 35
0;1;2 6;9;10;13;16;19;20;22;24;25;26
6 #edges, tree 151
35 31;33
30 28;29;32
30 3;4
6;9;10;13;16;19;20;22;24;25;26 30
0;1;2 35
0;1;2 6;9;10;13;16;19;20;22;24;25;26
6 #edges, tree 152
35 31;33
31;33 3;4
30 28;29;32
6;9;10;13;16;19;20;22;24;25;26 30
0;1;2 35
0;1;2 6;9;10;13;16;19;20;22;24;25;26
6 #edges, tree 153
35 31;33
31;33 3;4
6;9;10;13;16;19;20;22;24;25;26 30
3;4 28;29;32
0;1;2 35
0;1;2 6;9;10;13;16;19;20;22;24;25;26
6 #edges, tree 154
35 31;33
35 28;29;32
31;33 3;4
6;9;10;13;16;19;20;22;24;25;26 30
0;1;2 35
0;1;2 6;9;10;13;16;19;20;22;24;25;26
6 #edges, tree 155
35 31;33
35 3;4
6;9;10;13;16;19;20;22;24;25;26 30
3;4 28;29;32
0;1;2 35
0;1;2 6;9;10;13;16;19;20;22;24;25;26
6 #edges, tree 156
35 31;33
30 3;4
6;9;10;13;16;19;20;22;24;25;26 30
3;4 28;29;32
0;1;2 35
0;1;2 6;9;10;13;16;19;20;22;24;25;26
6 #edges, tree 157
35 31;33
35 28;29;32
30 3;4
6;9;10;13;16;19;20;22;24;25;26 30
0;1;2 35
0;1;2 6;9;10;13;16;19;20;22;24;25;26
6 #edges, tree 158
35 31;33
35 28;29;32
6;9;10;13;16;19;20;22;24;25;26 30
6;9;10;13;16;19;20;22;24;25;26 3;4
0;1;2 35
0;1;2 6;9;10;13;16;19;20;22;24;25;26
6 #edges, tree 159
35 31;33
6;9;10;13;16;19;20;22;24;25;26 30
6;9;10;13;16;19;20;22;24;25;26 3;4
3;4 28;29;32
0;1;2 35
0;1;2 6;9;10;13;16;19;20;22;24;25;26
6 #edges, tree 160
35 28;29;32
35 3;4
30 31;33
6;9;10;13;16;19;20;22;24;25;26 30
0;1;2 35
0;1;2 6;9;10;13;16;19;20;22;24;25;26
6 #edges, tree 161
35 28;29;32
35 3;4
6;9;10;13;16;19;20;22;24;25;26 31;33
6;9;10;13;16;19;20;22;24;25;26 30
0;1;2 35
0;1;2 6;9;10;13;16;19;20;22;24;25;26
6 #edges, tree 162
35 28;29;32
6;9;10;13;16;19;20;22;24;25;26 31;33
6;9;10;13;16;19;20;22;24;25;26 30
6;9;10;13;16;19;20;22;24;25;26 3;4
0;1;2 35
0;1;2 6;9;10;13;16;19;20;22;24;25;26
6 #edges, tree 163
35 28;29;32
31;33 3;4
6;9;10;13;16;19;20;22;24;25;26 31;33
6;9;10;13;16;19;20;22;24;25;26 30
0;1;2 35
0;1;2 6;9;10;13;16;19;20;22;24;25;26
6 #edges, tree 164
35 28;29;32
30 3;4
6;9;10;13;16;19;20;22;24;25;26 31;33
6;9;10;13;16;19;20;22;24;25;26 30
0;1;2 35
0;1;2 6;9;10;13;16;19;20;22;24;25;26
6 #edges, tree 165
35 28;29;32
30 31;33
6;9;10;13;16;19;20;22;24;25;26 30
6;9;10;13;16;19;20;22;24;25;26 3;4
0;1;2 35
0;1;2 6;9;10;13;16;19;20;22;24;25;26
6 #edges, tree 166
35 28;29;32
31;33 3;4
30 31;33
6;9;10;13;16;19;20;22;24;25;26 30
0;1;2 35
0;1;2 6;9;10;13;16;19;20;22;24;25;26
6 #edges, tree 167
35 28;29;32
30 31;33
30 3;4
6;9;10;13;16;19;20;22;24;25;26 30
0;1;2 35
0;1;2 6;9;10;13;16;19;20;22;24;25;26
6 #edges, tree 168
35 3;4
6;9;10;13;16;19;20;22;24;25;26 31;33
6;9;10;13;16;19;20;22;24;25;26 30
3;4 28;29;32
0;1;2 35
0;1;2 6;9;10;13;16;19;20;22;24;25;26
6 #edges, tree 169
35 3;4
30 31;33
6;9;10;13;16;19;20;22;24;25;26 30
3;4 28;29;32
0;1;2 35
0;1;2 6;9;10;13;16;19;20;22;24;25;26
6 #edges, tree 170
35 3;4
30 31;33
30 28;29;32
6;9;10;13;16;19;20;22;24;25;26 30
0;1;2 35
0;1;2 6;9;10;13;16;19;20;22;24;25;26
6 #edges, tree 171
35 3;4
30 31;33
6;9;10;13;16;19;20;22;24;25;26 30
6;9;10;13;16;19;20;22;24;25;26 28;29;32
0;1;2 35
0;1;2 6;9;10;13;16;19;20;22;24;25;26
6 #edges, tree 172
35 3;4
31;33 28;29;32
30 31;33
6;9;10;13;16;19;20;22;24;25;26 30
0;1;2 35
0;1;2 6;9;10;13;16;19;20;22;24;25;26
6 #edges, tree 173
35 3;4
30 28;29;32
6;9;10;13;16;19;20;22;24;25;26 31;33
6;9;10;13;16;19;20;22;24;25;26 30
0;1;2 35
0;1;2 6;9;10;13;16;19;20;22;24;25;26
6 #edges, tree 174
35 3;4
31;33 28;29;32
6;9;10;13;16;19;20;22;24;25;26 31;33
6;9;10;13;16;19;20;22;24;25;26 30
0;1;2 35
0;1;2 6;9;10;13;16;19;20;22;24;25;26
6 #edges, tree 175
35 3;4
6;9;10;13;16;19;20;22;24;25;26 31;33
6;9;10;13;16;19;20;22;24;25;26 30
6;9;10;13;16;19;20;22;24;25;26 28;29;32
0;1;2 35
0;1;2 6;9;10;13;16;19;20;22;24;25;26
6 #edges, tree 176
6;9;10;13;16;19;20;22;24;25;26 31;33
6;9;10;13;16;19;20;22;24;25;26 30
6;9;10;13;16;19;20;22;24;25;26 28;29;32
6;9;10;13;16;19;20;22;24;25;26 3;4
0;1;2 35
0;1;2 6;9;10;13;16;19;20;22;24;25;26
6 #edges, tree 177
30 31;33
6;9;10;13;16;19;20;22;24;25;26 30
6;9;10;13;16;19;20;22;24;25;26 28;29;32
6;9;10;13;16;19;20;22;24;25;26 3;4
0;1;2 35
0;1;2 6;9;10;13;16;19;20;22;24;25;26
6 #edges, tree 178
30 3;4
6;9;10;13;16;19;20;22;24;25;26 31;33
6;9;10;13;16;19;20;22;24;25;26 30
6;9;10;13;16;19;20;22;24;25;26 28;29;32
0;1;2 35
0;1;2 6;9;10;13;16;19;20;22;24;25;26
6 #edges, tree 179
30 31;33
30 3;4
6;9;10;13;16;19;20;22;24;25;26 30
6;9;10;13;16;19;20;22;24;25;26 28;29;32
0;1;2 35
0;1;2 6;9;10;13;16;19;20;22;24;25;26
6 #edges, tree 180
31;33 3;4
30 31;33
6;9;10;13;16;19;20;22;24;25;26 30
6;9;10;13;16;19;20;22;24;25;26 28;29;32
0;1;2 35
0;1;2 6;9;10;13;16;19;20;22;24;25;26
6 #edges, tree 181
31;33 3;4
6;9;10;13;16;19;20;22;24;25;26 31;33
6;9;10;13;16;19;20;22;24;25;26 30
6;9;10;13;16;19;20;22;24;25;26 28;29;32
0;1;2 35
0;1;2 6;9;10;13;16;19;20;22;24;25;26
6 #edges, tree 182
31;33 3;4
30 28;29;32
6;9;10;13;16;19;20;22;24;25;26 31;33
6;9;10;13;16;19;20;22;24;25;26 30
0;1;2 35
0;1;2 6;9;10;13;16;19;20;22;24;25;26
6 #edges, tree 183
30 28;29;32
6;9;10;13;16;19;20;22;24;25;26 31;33
6;9;10;13;16;19;20;22;24;25;26 30
6;9;10;13;16;19;20;22;24;25;26 3;4
0;1;2 35
0;1;2 6;9;10;13;16;19;20;22;24;25;26
6 #edges, tree 184
30 28;29;32
30 3;4
6;9;10;13;16;19;20;22;24;25;26 31;33
6;9;10;13;16;19;20;22;24;25;26 30
0;1;2 35
0;1;2 6;9;10;13;16;19;20;22;24;25;26
6 #edges, tree 185
30 31;33
30 28;29;32
6;9;10;13;16;19;20;22;24;25;26 30
6;9;10;13;16;19;20;22;24;25;26 3;4
0;1;2 35
0;1;2 6;9;10;13;16;19;20;22;24;25;26
6 #edges, tree 186
31;33 3;4
30 31;33
30 28;29;32
6;9;10;13;16;19;20;22;24;25;26 30
0;1;2 35
0;1;2 6;9;10;13;16;19;20;22;24;25;26
6 #edges, tree 187
30 31;33
30 28;29;32
30 3;4
6;9;10;13;16;19;20;22;24;25;26 30
0;1;2 35
0;1;2 6;9;10;13;16;19;20;22;24;25;26
6 #edges, tree 188
31;33 28;29;32
30 31;33
6;9;10;13;16;19;20;22;24;25;26 30
6;9;10;13;16;19;20;22;24;25;26 3;4
0;1;2 35
0;1;2 6;9;10;13;16;19;20;22;24;25;26
6 #edges, tree 189
30 31;33
6;9;10;13;16;19;20;22;24;25;26 30
6;9;10;13;16;19;20;22;24;25;26 3;4
3;4 28;29;32
0;1;2 35
0;1;2 6;9;10;13;16;19;20;22;24;25;26
6 #edges, tree 190
31;33 28;29;32
31;33 3;4
30 31;33
6;9;10;13;16;19;20;22;24;25;26 30
0;1;2 35
0;1;2 6;9;10;13;16;19;20;22;24;25;26
6 #edges, tree 191
31;33 3;4
30 31;33
6;9;10;13;16;19;20;22;24;25;26 30
3;4 28;29;32
0;1;2 35
0;1;2 6;9;10;13;16;19;20;22;24;25;26
6 #edges, tree 192
30 31;33
30 3;4
6;9;10;13;16;19;20;22;24;25;26 30
3;4 28;29;32
0;1;2 35
0;1;2 6;9;10;13;16;19;20;22;24;25;26
6 #edges, tree 193
31;33 28;29;32
30 31;33
30 3;4
6;9;10;13;16;19;20;22;24;25;26 30
0;1;2 35
0;1;2 6;9;10;13;16;19;20;22;24;25;26
6 #edges, tree 194
30 3;4
6;9;10;13;16;19;20;22;24;25;26 31;33
6;9;10;13;16;19;20;22;24;25;26 30
3;4 28;29;32
0;1;2 35
0;1;2 6;9;10;13;16;19;20;22;24;25;26
6 #edges, tree 195
31;33 28;29;32
30 3;4
6;9;10;13;16;19;20;22;24;25;26 31;33
6;9;10;13;16;19;20;22;24;25;26 30
0;1;2 35
0;1;2 6;9;10;13;16;19;20;22;24;25;26
6 #edges, tree 196
31;33 28;29;32
6;9;10;13;16;19;20;22;24;25;26 31;33
6;9;10;13;16;19;20;22;24;25;26 30
6;9;10;13;16;19;20;22;24;25;26 3;4
0;1;2 35
0;1;2 6;9;10;13;16;19;20;22;24;25;26
6 #edges, tree 197
6;9;10;13;16;19;20;22;24;25;26 31;33
6;9;10;13;16;19;20;22;24;25;26 30
6;9;10;13;16;19;20;22;24;25;26 3;4
3;4 28;29;32
0;1;2 35
0;1;2 6;9;10;13;16;19;20;22;24;25;26
6 #edges, tree 198
31;33 3;4
6;9;10;13;16;19;20;22;24;25;26 31;33
6;9;10;13;16;19;20;22;24;25;26 30
3;4 28;29;32
0;1;2 35
0;1;2 6;9;10;13;16;19;20;22;24;25;26
6 #edges, tree 199
31;33 28;29;32
31;33 3;4
6;9;10;13;16;19;20;22;24;25;26 31;33
6;9;10;13;16;19;20;22;24;25;26 30
0;1;2 35
0;1;2 6;9;10;13;16;19;20;22;24;25;26
6 #edges, tree 200
30 35
6;9;10;13;16;19;20;22;24;25;26 31;33
6;9;10;13;16;19;20;22;24;25;26 30
6;9;10;13;16;19;20;22;24;25;26 28;29;32
6;9;10;13;16;19;20;22;24;25;26 3;4
0;1;2 6;9;10;13;16;19;20;22;24;25;26
6 #edges, tree 201
35 3;4
30 35
6;9;10;13;16;19;20;22;24;25;26 31;33
6;9;10;13;16;19;20;22;24;25;26 30
6;9;10;13;16;19;20;22;24;25;26 28;29;32
0;1;2 6;9;10;13;16;19;20;22;24;25;26
6 #edges, tree 202
31;33 3;4
30 35
6;9;10;13;16;19;20;22;24;25;26 31;33
6;9;10;13;16;19;20;22;24;25;26 30
6;9;10;13;16;19;20;22;24;25;26 28;29;32
0;1;2 6;9;10;13;16;19;20;22;24;25;26
6 #edges, tree 203
30 35
30 3;4
6;9;10;13;16;19;20;22;24;25;26 31;33
6;9;10;13;16;19;20;22;24;25;26 30
6;9;10;13;16;19;20;22;24;25;26 28;29;32
0;1;2 6;9;10;13;16;19;20;22;24;25;26
6 #edges, tree 204
35 31;33
35 3;4
30 35
6;9;10;13;16;19;20;22;24;25;26 30
6;9;10;13;16;19;20;22;24;25;26 28;29;32
0;1;2 6;9;10;13;16;19;20;22;24;25;26
6 #edges, tree 205
35 31;33
30 35
6;9;10;13;16;19;20;22;24;25;26 30
6;9;10;13;16;19;20;22;24;25;26 28;29;32
6;9;10;13;16;19;20;22;24;25;26 3;4
0;1;2 6;9;10;13;16;19;20;22;24;25;26
6 #edges, tree 206
35 31;33
30 35
30 3;4
6;9;10;13;16;19;20;22;24;25;26 30
6;9;10;13;16;19;20;22;24;25;26 28;29;32
0;1;2 6;9;10;13;16;19;20;22;24;25;26
6 #edges, tree 207
35 31;33
31;33 3;4
30 35
6;9;10;13;16;19;20;22;24;25;26 30
6;9;10;13;16;19;20;22;24;25;26 28;29;32
0;1;2 6;9;10;13;16;19;20;22;24;25;26
6 #edges, tree 208
30 31;33
6;9;10;13;16;19;20;22;24;25;26 35
6;9;10;13;16;19;20;22;24;25;26 30
6;9;10;13;16;19;20;22;24;25;26 28;29;32
6;9;10;13;16;19;20;22;24;25;26 3;4
0;1;2 6;9;10;13;16;19;20;22;24;25;26
6 #edges, tree 209
35 31;33
6;9;10;13;16;19;20;22;24;25;26 35
6;9;10;13;16;19;20;22;24;25;26 30
6;9;10;13;16;19;20;22;24;25;26 28;29;32
6;9;10;13;16;19;20;22;24;25;26 3;4
0;1;2 6;9;10;13;16;19;20;22;24;25;26
6 #edges, tree 210
6;9;10;13;16;19;20;22;24;25;26 35
6;9;10;13;16;19;20;22;24;25;26 31;33
6;9;10;13;16;19;20;22;24;25;26 30
6;9;10;13;16;19;20;22;24;25;26 28;29;32
6;9;10;13;16;19;20;22;24;25;26 3;4
0;1;2 6;9;10;13;16;19;20;22;24;25;26
6 #edges, tree 211
30 3;4
6;9;10;13;16;19;20;22;24;25;26 35
6;9;10;13;16;19;20;22;24;25;26 31;33
6;9;10;13;16;19;20;22;24;25;26 30
6;9;10;13;16;19;20;22;24;25;26 28;29;32
0;1;2 6;9;10;13;16;19;20;22;24;25;26
6 #edges, tree 212
35 31;33
30 3;4
6;9;10;13;16;19;20;22;24;25;26 35
6;9;10;13;16;19;20;22;24;25;26 30
6;9;10;13;16;19;20;22;24;25;26 28;29;32
0;1;2 6;9;10;13;16;19;20;22;24;25;26
6 #edges, tree 213
30 31;33
30 3;4
6;9;10;13;16;19;20;22;24;25;26 35
6;9;10;13;16;19;20;22;24;25;26 30
6;9;10;13;16;19;20;22;24;25;26 28;29;32
0;1;2 6;9;10;13;16;19;20;22;24;25;26
6 #edges, tree 214
35 3;4
30 31;33
6;9;10;13;16;19;20;22;24;25;26 35
6;9;10;13;16;19;20;22;24;25;26 30
6;9;10;13;16;19;20;22;24;25;26 28;29;32
0;1;2 6;9;10;13;16;19;20;22;24;25;26
6 #edges, tree 215
31;33 3;4
30 31;33
6;9;10;13;16;19;20;22;24;25;26 35
6;9;10;13;16;19;20;22;24;25;26 30
6;9;10;13;16;19;20;22;24;25;26 28;29;32
0;1;2 6;9;10;13;16;19;20;22;24;25;26
6 #edges, tree 216
35 31;33
35 3;4
6;9;10;13;16;19;20;22;24;25;26 35
6;9;10;13;16;19;20;22;24;25;26 30
6;9;10;13;16;19;20;22;24;25;26 28;29;32
0;1;2 6;9;10;13;16;19;20;22;24;25;26
6 #edges, tree 217
35 31;33
31;33 3;4
6;9;10;13;16;19;20;22;24;25;26 35
6;9;10;13;16;19;20;22;24;25;26 30
6;9;10;13;16;19;20;22;24;25;26 28;29;32
0;1;2 6;9;10;13;16;19;20;22;24;25;26
6 #edges, tree 218
35 3;4
6;9;10;13;16;19;20;22;24;25;26 35
6;9;10;13;16;19;20;22;24;25;26 31;33
6;9;10;13;16;19;20;22;24;25;26 30
6;9;10;13;16;19;20;22;24;25;26 28;29;32
0;1;2 6;9;10;13;16;19;20;22;24;25;26
6 #edges, tree 219
31;33 3;4
6;9;10;13;16;19;20;22;24;25;26 35
6;9;10;13;16;19;20;22;24;25;26 31;33
6;9;10;13;16;19;20;22;24;25;26 30
6;9;10;13;16;19;20;22;24;25;26 28;29;32
0;1;2 6;9;10;13;16;19;20;22;24;25;26
6 #edges, tree 220
31;33 28;29;32
30 31;33
6;9;10;13;16;19;20;22;24;25;26 35
6;9;10;13;16;19;20;22;24;25;26 30
6;9;10;13;16;19;20;22;24;25;26 3;4
0;1;2 6;9;10;13;16;19;20;22;24;25;26
6 #edges, tree 221
30 31;33
6;9;10;13;16;19;20;22;24;25;26 35
6;9;10;13;16;19;20;22;24;25;26 30
6;9;10;13;16;19;20;22;24;25;26 3;4
3;4 28;29;32
0;1;2 6;9;10;13;16;19;20;22;24;25;26
6 #edges, tree 222
30 31;33
30 28;29;32
6;9;10;13;16;19;20;22;24;25;26 35
6;9;10;13;16;19;20;22;24;25;26 30
6;9;10;13;16;19;20;22;24;25;26 3;4
0;1;2 6;9;10;13;16;19;20;22;24;25;26
6 #edges, tree 223
35 28;29;32
30 31;33
6;9;10;13;16;19;20;22;24;25;26 35
6;9;10;13;16;19;20;22;24;25;26 30
6;9;10;13;16;19;20;22;24;25;26 3;4
0;1;2 6;9;10;13;16;19;20;22;24;25;26
6 #edges, tree 224
6;9;10;13;16;19;20;22;24;25;26 35
6;9;10;13;16;19;20;22;24;25;26 31;33
6;9;10;13;16;19;20;22;24;25;26 30
6;9;10;13;16;19;20;22;24;25;26 3;4
3;4 28;29;32
0;1;2 6;9;10;13;16;19;20;22;24;25;26
6 #edges, tree 225
30 35
6;9;10;13;16;19;20;22;24;25;26 31;33
6;9;10;13;16;19;20;22;24;25;26 30
6;9;10;13;16;19;20;22;24;25;26 3;4
3;4 28;29;32
0;1;2 6;9;10;13;16;19;20;22;24;25;26
6 #edges, tree 226
31;33 28;29;32
6;9;10;13;16;19;20;22;24;25;26 35
6;9;10;13;16;19;20;22;24;25;26 31;33
6;9;10;13;16;19;20;22;24;25;26 30
6;9;10;13;16;19;20;22;24;25;26 3;4
0;1;2 6;9;10;13;16;19;20;22;24;25;26
6 #edges, tree 227
30 28;29;32
6;9;10;13;16;19;20;22;24;25;26 35
6;9;10;13;16;19;20;22;24;25;26 31;33
6;9;10;13;16;19;20;22;24;25;26 30
6;9;10;13;16;19;20;22;24;25;26 3;4
0;1;2 6;9;10;13;16;19;20;22;24;25;26
6 #edges, tree 228
35 28;29;32
6;9;10;13;16;19;20;22;24;25;26 35
6;9;10;13;16;19;20;22;24;25;26 31;33
6;9;10;13;16;19;20;22;24;25;26 30
6;9;10;13;16;19;20;22;24;25;26 3;4
0;1;2 6;9;10;13;16;19;20;22;24;25;26
6 #edges, tree 229
30 35
30 28;29;32
6;9;10;13;16;19;20;22;24;25;26 31;33
6;9;10;13;16;19;20;22;24;25;26 30
6;9;10;13;16;19;20;22;24;25;26 3;4
0;1;2 6;9;10;13;16;19;20;22;24;25;26
6 #edges, tree 230
31;33 28;29;32
30 35
6;9;10;13;16;19;20;22;24;25;26 31;33
6;9;10;13;16;19;20;22;24;25;26 30
6;9;10;13;16;19;20;22;24;25;26 3;4
0;1;2 6;9;10;13;16;19;20;22;24;25;26
6 #edges, tree 231
35 28;29;32
30 35
6;9;10;13;16;19;20;22;24;25;26 31;33
6;9;10;13;16;19;20;22;24;25;26 30
6;9;10;13;16;19;20;22;24;25;26 3;4
0;1;2 6;9;10;13;16;19;20;22;24;25;26
6 #edges, tree 232
35 31;33
6;9;10;13;16;19;20;22;24;25;26 35
6;9;10;13;16;19;20;22;24;25;26 30
6;9;10;13;16;19;20;22;24;25;26 3;4
3;4 28;29;32
0;1;2 6;9;10;13;16;19;20;22;24;25;26
6 #edges, tree 233
35 31;33
30 35
6;9;10;13;16;19;20;22;24;25;26 30
6;9;10;13;16;19;20;22;24;25;26 3;4
3;4 28;29;32
0;1;2 6;9;10;13;16;19;20;22;24;25;26
6 #edges, tree 234
35 31;33
30 28;29;32
6;9;10;13;16;19;20;22;24;25;26 35
6;9;10;13;16;19;20;22;24;25;26 30
6;9;10;13;16;19;20;22;24;25;26 3;4
0;1;2 6;9;10;13;16;19;20;22;24;25;26
6 #edges, tree 235
35 31;33
35 28;29;32
6;9;10;13;16;19;20;22;24;25;26 35
6;9;10;13;16;19;20;22;24;25;26 30
6;9;10;13;16;19;20;22;24;25;26 3;4
0;1;2 6;9;10;13;16;19;20;22;24;25;26
6 #edges, tree 236
35 31;33
31;33 28;29;32
6;9;10;13;16;19;20;22;24;25;26 35
6;9;10;13;16;19;20;22;24;25;26 30
6;9;10;13;16;19;20;22;24;25;26 3;4
0;1;2 6;9;10;13;16;19;20;22;24;25;26
6 #edges, tree 237
35 31;33
35 28;29;32
30 35
6;9;10;13;16;19;20;22;24;25;26 30
6;9;10;13;16;19;20;22;24;25;26 3;4
0;1;2 6;9;10;13;16;19;20;22;24;25;26
6 #edges, tree 238
35 31;33
30 35
30 28;29;32
6;9;10;13;16;19;20;22;24;25;26 30
6;9;10;13;16;19;20;22;24;25;26 3;4
0;1;2 6;9;10;13;16;19;20;22;24;25;26
6 #edges, tree 239
35 31;33
31;33 28;29;32
30 35
6;9;10;13;16;19;20;22;24;25;26 30
6;9;10;13;16;19;20;22;24;25;26 3;4
0;1;2 6;9;10;13;16;19;20;22;24;25;26
6 #edges, tree 240
35 3;4
30 35
6;9;10;13;16;19;20;22;24;25;26 31;33
6;9;10;13;16;19;20;22;24;25;26 30
3;4 28;29;32
0;1;2 6;9;10;13;16;19;20;22;24;25;26
6 #edges, tree 241
35 31;33
35 3;4
30 35
6;9;10;13;16;19;20;22;24;25;26 30
3;4 28;29;32
0;1;2 6;9;10;13;16;19;20;22;24;25;26
6 #edges, tree 242
35 31;33
35 3;4
31;33 28;29;32
30 35
6;9;10;13;16;19;20;22;24;25;26 30
0;1;2 6;9;10;13;16;19;20;22;24;25;26
6 #edges, tree 243
35 31;33
35 3;4
30 35
30 28;29;32
6;9;10;13;16;19;20;22;24;25;26 30
0;1;2 6;9;10;13;16;19;20;22;24;25;26
6 #edges, tree 244
35 3;4
30 35
30 28;29;32
6;9;10;13;16;19;20;22;24;25;26 31;33
6;9;10;13;16;19;20;22;24;25;26 30
0;1;2 6;9;10;13;16;19;20;22;24;25;26
6 #edges, tree 245
35 28;29;32
35 3;4
30 35
6;9;10;13;16;19;20;22;24;25;26 31;33
6;9;10;13;16;19;20;22;24;25;26 30
0;1;2 6;9;10;13;16;19;20;22;24;25;26
6 #edges, tree 246
35 3;4
31;33 28;29;32
30 35
6;9;10;13;16;19;20;22;24;25;26 31;33
6;9;10;13;16;19;20;22;24;25;26 30
0;1;2 6;9;10;13;16;19;20;22;24;25;26
6 #edges, tree 247
35 28;29;32
30 35
30 3;4
6;9;10;13;16;19;20;22;24;25;26 31;33
6;9;10;13;16;19;20;22;24;25;26 30
0;1;2 6;9;10;13;16;19;20;22;24;25;26
6 #edges, tree 248
35 28;29;32
31;33 3;4
30 35
6;9;10;13;16;19;20;22;24;25;26 31;33
6;9;10;13;16;19;20;22;24;25;26 30
0;1;2 6;9;10;13;16;19;20;22;24;25;26
6 #edges, tree 249
31;33 28;29;32
31;33 3;4
30 35
6;9;10;13;16;19;20;22;24;25;26 31;33
6;9;10;13;16;19;20;22;24;25;26 30
0;1;2 6;9;10;13;16;19;20;22;24;25;26
6 #edges, tree 250
31;33 28;29;32
30 35
30 3;4
6;9;10;13;16;19;20;22;24;25;26 31;33
6;9;10;13;16;19;20;22;24;25;26 30
0;1;2 6;9;10;13;16;19;20;22;24;25;26
6 #edges, tree 251
30 35
30 28;29;32
30 3;4
6;9;10;13;16;19;20;22;24;25;26 31;33
6;9;10;13;16;19;20;22;24;25;26 30
0;1;2 6;9;10;13;16;19;20;22;24;25;26
6 #edges, tree 252
31;33 3;4
30 35
30 28;29;32
6;9;10;13;16;19;20;22;24;25;26 31;33
6;9;10;13;16;19;20;22;24;25;26 30
0;1;2 6;9;10;13;16;19;20;22;24;25;26
6 #edges, tree 253
31;33 3;4
30 35
6;9;10;13;16;19;20;22;24;25;26 31;33
6;9;10;13;16;19;20;22;24;25;26 30
3;4 28;29;32
0;1;2 6;9;10;13;16;19;20;22;24;25;26
6 #edges, tree 254
30 35
30 3;4
6;9;10;13;16;19;20;22;24;25;26 31;33
6;9;10;13;16;19;20;22;24;25;26 30
3;4 28;29;32
0;1;2 6;9;10;13;16;19;20;22;24;25;26
6 #edges, tree 255
35 31;33
35 28;29;32
30 35
30 3;4
6;9;10;13;16;19;20;22;24;25;26 30
0;1;2 6;9;10;13;16;19;20;22;24;25;26
6 #edges, tree 256
35 31;33
35 28;29;32
31;33 3;4
30 35
6;9;10;13;16;19;20;22;24;25;26 30
0;1;2 6;9;10;13;16;19;20;22;24;25;26
6 #edges, tree 257
35 31;33
30 35
30 28;29;32
30 3;4
6;9;10;13;16;19;20;22;24;25;26 30
0;1;2 6;9;10;13;16;19;20;22;24;25;26
6 #edges, tree 258
35 31;33
31;33 3;4
30 35
30 28;29;32
6;9;10;13;16;19;20;22;24;25;26 30
0;1;2 6;9;10;13;16;19;20;22;24;25;26
6 #edges, tree 259
35 31;33
30 35
30 3;4
6;9;10;13;16;19;20;22;24;25;26 30
3;4 28;29;32
0;1;2 6;9;10;13;16;19;20;22;24;25;26
6 #edges, tree 260
35 31;33
31;33 28;29;32
30 35
30 3;4
6;9;10;13;16;19;20;22;24;25;26 30
0;1;2 6;9;10;13;16;19;20;22;24;25;26
6 #edges, tree 261
35 31;33
31;33 28;29;32
31;33 3;4
30 35
6;9;10;13;16;19;20;22;24;25;26 30
0;1;2 6;9;10;13;16;19;20;22;24;25;26
6 #edges, tree 262
35 31;33
31;33 3;4
30 35
6;9;10;13;16;19;20;22;24;25;26 30
3;4 28;29;32
0;1;2 6;9;10;13;16;19;20;22;24;25;26
6 #edges, tree 263
30 3;4
6;9;10;13;16;19;20;22;24;25;26 35
6;9;10;13;16;19;20;22;24;25;26 31;33
6;9;10;13;16;19;20;22;24;25;26 30
3;4 28;29;32
0;1;2 6;9;10;13;16;19;20;22;24;25;26
6 #edges, tree 264
30 28;29;32
30 3;4
6;9;10;13;16;19;20;22;24;25;26 35
6;9;10;13;16;19;20;22;24;25;26 31;33
6;9;10;13;16;19;20;22;24;25;26 30
0;1;2 6;9;10;13;16;19;20;22;24;25;26
6 #edges, tree 265
35 28;29;32
30 3;4
6;9;10;13;16;19;20;22;24;25;26 35
6;9;10;13;16;19;20;22;24;25;26 31;33
6;9;10;13;16;19;20;22;24;25;26 30
0;1;2 6;9;10;13;16;19;20;22;24;25;26
6 #edges, tree 266
31;33 28;29;32
30 3;4
6;9;10;13;16;19;20;22;24;25;26 35
6;9;10;13;16;19;20;22;24;25;26 31;33
6;9;10;13;16;19;20;22;24;25;26 30
0;1;2 6;9;10;13;16;19;20;22;24;25;26
6 #edges, tree 267
30 31;33
30 3;4
6;9;10;13;16;19;20;22;24;25;26 35
6;9;10;13;16;19;20;22;24;25;26 30
3;4 28;29;32
0;1;2 6;9;10;13;16;19;20;22;24;25;26
6 #edges, tree 268
30 31;33
30 28;29;32
30 3;4
6;9;10;13;16;19;20;22;24;25;26 35
6;9;10;13;16;19;20;22;24;25;26 30
0;1;2 6;9;10;13;16;19;20;22;24;25;26
6 #edges, tree 269
35 28;29;32
30 31;33
30 3;4
6;9;10;13;16;19;20;22;24;25;26 35
6;9;10;13;16;19;20;22;24;25;26 30
0;1;2 6;9;10;13;16;19;20;22;24;25;26
6 #edges, tree 270
31;33 28;29;32
30 31;33
30 3;4
6;9;10;13;16;19;20;22;24;25;26 35
6;9;10;13;16;19;20;22;24;25;26 30
0;1;2 6;9;10;13;16;19;20;22;24;25;26
6 #edges, tree 271
35 31;33
30 28;29;32
30 3;4
6;9;10;13;16;19;20;22;24;25;26 35
6;9;10;13;16;19;20;22;24;25;26 30
0;1;2 6;9;10;13;16;19;20;22;24;25;26
6 #edges, tree 272
35 31;33
31;33 28;29;32
30 3;4
6;9;10;13;16;19;20;22;24;25;26 35
6;9;10;13;16;19;20;22;24;25;26 30
0;1;2 6;9;10;13;16;19;20;22;24;25;26
6 #edges, tree 273
35 31;33
30 3;4
6;9;10;13;16;19;20;22;24;25;26 35
6;9;10;13;16;19;20;22;24;25;26 30
3;4 28;29;32
0;1;2 6;9;10;13;16;19;20;22;24;25;26
6 #edges, tree 274
35 31;33
35 28;29;32
30 3;4
6;9;10;13;16;19;20;22;24;25;26 35
6;9;10;13;16;19;20;22;24;25;26 30
0;1;2 6;9;10;13;16;19;20;22;24;25;26
6 #edges, tree 275
31;33 3;4
30 28;29;32
6;9;10;13;16;19;20;22;24;25;26 35
6;9;10;13;16;19;20;22;24;25;26 31;33
6;9;10;13;16;19;20;22;24;25;26 30
0;1;2 6;9;10;13;16;19;20;22;24;25;26
6 #edges, tree 276
35 3;4
30 28;29;32
6;9;10;13;16;19;20;22;24;25;26 35
6;9;10;13;16;19;20;22;24;25;26 31;33
6;9;10;13;16;19;20;22;24;25;26 30
0;1;2 6;9;10;13;16;19;20;22;24;25;26
6 #edges, tree 277
35 3;4
31;33 28;29;32
6;9;10;13;16;19;20;22;24;25;26 35
6;9;10;13;16;19;20;22;24;25;26 31;33
6;9;10;13;16;19;20;22;24;25;26 30
0;1;2 6;9;10;13;16;19;20;22;24;25;26
6 #edges, tree 278
31;33 28;29;32
31;33 3;4
6;9;10;13;16;19;20;22;24;25;26 35
6;9;10;13;16;19;20;22;24;25;26 31;33
6;9;10;13;16;19;20;22;24;25;26 30
0;1;2 6;9;10;13;16;19;20;22;24;25;26
6 #edges, tree 279
31;33 3;4
6;9;10;13;16;19;20;22;24;25;26 35
6;9;10;13;16;19;20;22;24;25;26 31;33
6;9;10;13;16;19;20;22;24;25;26 30
3;4 28;29;32
0;1;2 6;9;10;13;16;19;20;22;24;25;26
6 #edges, tree 280
35 28;29;32
31;33 3;4
6;9;10;13;16;19;20;22;24;25;26 35
6;9;10;13;16;19;20;22;24;25;26 31;33
6;9;10;13;16;19;20;22;24;25;26 30
0;1;2 6;9;10;13;16;19;20;22;24;25;26
6 #edges, tree 281
35 28;29;32
35 3;4
6;9;10;13;16;19;20;22;24;25;26 35
6;9;10;13;16;19;20;22;24;25;26 31;33
6;9;10;13;16;19;20;22;24;25;26 30
0;1;2 6;9;10;13;16;19;20;22;24;25;26
6 #edges, tree 282
35 3;4
6;9;10;13;16;19;20;22;24;25;26 35
6;9;10;13;16;19;20;22;24;25;26 31;33
6;9;10;13;16;19;20;22;24;25;26 30
3;4 28;29;32
0;1;2 6;9;10;13;16;19;20;22;24;25;26
6 #edges, tree 283
35 3;4
30 31;33
30 28;29;32
6;9;10;13;16;19;20;22;24;25;26 35
6;9;10;13;16;19;20;22;24;25;26 30
0;1;2 6;9;10;13;16;19;20;22;24;25;26
6 #edges, tree 284
35 31;33
35 3;4
30 28;29;32
6;9;10;13;16;19;20;22;24;25;26 35
6;9;10;13;16;19;20;22;24;25;26 30
0;1;2 6;9;10;13;16;19;20;22;24;25;26
6 #edges, tree 285
35 31;33
31;33 3;4
30 28;29;32
6;9;10;13;16;19;20;22;24;25;26 35
6;9;10;13;16;19;20;22;24;25;26 30
0;1;2 6;9;10;13;16;19;20;22;24;25;26
6 #edges, tree 286
31;33 3;4
30 31;33
30 28;29;32
6;9;10;13;16;19;20;22;24;25;26 35
6;9;10;13;16;19;20;22;24;25;26 30
0;1;2 6;9;10;13;16;19;20;22;24;25;26
6 #edges, tree 287
31;33 3;4
30 31;33
6;9;10;13;16;19;20;22;24;25;26 35
6;9;10;13;16;19;20;22;24;25;26 30
3;4 28;29;32
0;1;2 6;9;10;13;16;19;20;22;24;25;26
6 #edges, tree 288
31;33 28;29;32
31;33 3;4
30 31;33
6;9;10;13;16;19;20;22;24;25;26 35
6;9;10;13;16;19;20;22;24;25;26 30
0;1;2 6;9;10;13;16;19;20;22;24;25;26
6 #edges, tree 289
35 28;29;32
31;33 3;4
30 31;33
6;9;10;13;16;19;20;22;24;25;26 35
6;9;10;13;16;19;20;22;24;25;26 30
0;1;2 6;9;10;13;16;19;20;22;24;25;26
6 #edges, tree 290
35 3;4
31;33 28;29;32
30 31;33
6;9;10;13;16;19;20;22;24;25;26 35
6;9;10;13;16;19;20;22;24;25;26 30
0;1;2 6;9;10;13;16;19;20;22;24;25;26
6 #edges, tree 291
35 28;29;32
35 3;4
30 31;33
6;9;10;13;16;19;20;22;24;25;26 35
6;9;10;13;16;19;20;22;24;25;26 30
0;1;2 6;9;10;13;16;19;20;22;24;25;26
6 #edges, tree 292
35 3;4
30 31;33
6;9;10;13;16;19;20;22;24;25;26 35
6;9;10;13;16;19;20;22;24;25;26 30
3;4 28;29;32
0;1;2 6;9;10;13;16;19;20;22;24;25;26
6 #edges, tree 293
35 31;33
35 28;29;32
31;33 3;4
6;9;10;13;16;19;20;22;24;25;26 35
6;9;10;13;16;19;20;22;24;25;26 30
0;1;2 6;9;10;13;16;19;20;22;24;25;26
6 #edges, tree 294
35 31;33
35 3;4
6;9;10;13;16;19;20;22;24;25;26 35
6;9;10;13;16;19;20;22;24;25;26 30
3;4 28;29;32
0;1;2 6;9;10;13;16;19;20;22;24;25;26
6 #edges, tree 295
35 31;33
35 3;4
31;33 28;29;32
6;9;10;13;16;19;20;22;24;25;26 35
6;9;10;13;16;19;20;22;24;25;26 30
0;1;2 6;9;10;13;16;19;20;22;24;25;26
6 #edges, tree 296
35 31;33
31;33 3;4
6;9;10;13;16;19;20;22;24;25;26 35
6;9;10;13;16;19;20;22;24;25;26 30
3;4 28;29;32
0;1;2 6;9;10;13;16;19;20;22;24;25;26
6 #edges, tree 297
35 31;33
31;33 28;29;32
31;33 3;4
6;9;10;13;16;19;20;22;24;25;26 35
6;9;10;13;16;19;20;22;24;25;26 30
0;1;2 6;9;10;13;16;19;20;22;24;25;26
