50 #trees
6 #edges, tree 1
6;9;10;13;16;19;20;22;24;25;26 35
6;9;10;13;16;19;20;22;24;25;26 31;33
6;9;10;13;16;19;20;22;24;25;26 30
6;9;10;13;16;19;20;22;24;25;26 28;29;32
0;1;2 6;9;10;13;16;19;20;22;24;25;26
0;1;2 3;4
6 #edges, tree 2
6;9;10;13;16;19;20;22;24;25;26 35
6;9;10;13;16;19;20;22;24;25;26 31;33
6;9;10;13;16;19;20;22;24;25;26 30
0;1;2 28;29;32
0;1;2 6;9;10;13;16;19;20;22;24;25;26
0;1;2 3;4
6 #edges, tree 3
30 35
6;9;10;13;16;19;20;22;24;25;26 31;33
6;9;10;13;16;19;20;22;24;25;26 30
6;9;10;13;16;19;20;22;24;25;26 28;29;32
0;1;2 6;9;10;13;16;19;20;22;24;25;26
0;1;2 3;4
6 #edges, tree 4
30 35
6;9;10;13;16;19;20;22;24;25;26 31;33
6;9;10;13;16;19;20;22;24;25;26 30
0;1;2 28;29;32
0;1;2 6;9;10;13;16;19;20;22;24;25;26
0;1;2 3;4
6 #edges, tree 5
35 31;33
6;9;10;13;16;19;20;22;24;25;26 35
6;9;10;13;16;19;20;22;24;25;26 30
0;1;2 28;29;32
0;1;2 6;9;10;13;16;19;20;22;24;25;26
0;1;2 3;4
6 #edges, tree 6
30 31;33
6;9;10;13;16;19;20;22;24;25;26 35
6;9;10;13;16;19;20;22;24;25;26 30
0;1;2 28;29;32
0;1;2 6;9;10;13;16;19;20;22;24;25;26
0;1;2 3;4
6 #edges, tree 7
35 31;33
30 35
6;9;10;13;16;19;20;22;24;25;26 30
0;1;2 28;29;32
0;1;2 6;9;10;13;16;19;20;22;24;25;26
0;1;2 3;4
6 #edges, tree 8
35 31;33
6;9;10;13;16;19;20;22;24;25;26 35
6;9;10;13;16;19;20;22;24;25;26 30
6;9;10;13;16;19;20;22;24;25;26 28;29;32
0;1;2 6;9;10;13;16;19;20;22;24;25;26
0;1;2 3;4
6 #edges, tree 9
30 31;33
6;9;10;13;16;19;20;22;24;25;26 35
6;9;10;13;16;19;20;22;24;25;26 30
6;9;10;13;16;19;20;22;24;25;26 28;29;32
0;1;2 6;9;10;13;16;19;20;22;24;25;26
0;1;2 3;4
6 #edges, tree 10
35 31;33
30 35
6;9;10;13;16;19;20;22;24;25;26 30
6;9;10;13;16;19;20;22;24;25;26 28;29;32
0;1;2 6;9;10;13;16;19;20;22;24;25;26
0;1;2 3;4
6 #edges, tree 11
30 31;33
6;9;10;13;16;19;20;22;24;25;26 35
6;9;10;13;16;19;20;22;24;25;26 30
6;9;10;13;16;19;20;22;24;25;26 3;4
0;1;2 28;29;32
0;1;2 6;9;10;13;16;19;20;22;24;25;26
6 #edges, tree 12
6;9;10;13;16;19;20;22;24;25;26 35
6;9;10;13;16;19;20;22;24;25;26 31;33
6;9;10;13;16;19;20;22;24;25;26 30
6;9;10;13;16;19;20;22;24;25;26 3;4
0;1;2 28;29;32
0;1;2 6;9;10;13;16;19;20;22;24;25;26
6 #edges, tree 13
35 31;33
6;9;10;13;16;19;20;22;24;25;26 35
6;9;10;13;16;19;20;22;24;25;26 30
6;9;10;13;16;19;20;22;24;25;26 3;4
0;1;2 28;29;32
0;1;2 6;9;10;13;16;19;20;22;24;25;26
6 #edges, tree 14
30 35
6;9;10;13;16;19;20;22;24;25;26 31;33
6;9;10;13;16;19;20;22;24;25;26 30
6;9;10;13;16;19;20;22;24;25;26 3;4
0;1;2 28;29;32
0;1;2 6;9;10;13;16;19;20;22;24;25;26
6 #edges, tree 15
35 31;33
30 35
6;9;10;13;16;19;20;22;24;25;26 30
6;9;10;13;16;19;20;22;24;25;26 3;4
0;1;2 28;29;32
0;1;2 6;9;10;13;16;19;20;22;24;25;26
6 #edges, tree 16
35 31;33
35 3;4
6;9;10;13;16;19;20;22;24;25;26 35
6;9;10;13;16;19;20;22;24;25;26 30
0;1;2 28;29;32
0;1;2 6;9;10;13;16;19;20;22;24;25;26
6 #edges, tree 17
35 31;33
30 3;4
6;9;10;13;16;19;20;22;24;25;26 35
6;9;10;13;16;19;20;22;24;25;26 30
0;1;2 28;29;32
0;1;2 6;9;10;13;16;19;20;22;24;25;26
6 #edges, tree 18
35 31;33
31;33 3;4
6;9;10;13;16;19;20;22;24;25;26 35
6;9;10;13;16;19;20;22;24;25;26 30
0;1;2 28;29;32
0;1;2 6;9;10;13;16;19;20;22;24;25;26
6 #edges, tree 19
30 31;33
30 3;4
6;9;10;13;16;19;20;22;24;25;26 35
6;9;10;13;16;19;20;22;24;25;26 30
0;1;2 28;29;32
0;1;2 6;9;10;13;16;19;20;22;24;25;26
6 #edges, tree 20
30 3;4
6;9;10;13;16;19;20;22;24;25;26 35
6;9;10;13;16;19;20;22;24;25;26 31;33
6;9;10;13;16;19;20;22;24;25;26 30
0;1;2 28;29;32
0;1;2 6;9;10;13;16;19;20;22;24;25;26
6 #edges, tree 21
35 3;4
6;9;10;13;16;19;20;22;24;25;26 35
6;9;10;13;16;19;20;22;24;25;26 31;33
6;9;10;13;16;19;20;22;24;25;26 30
0;1;2 28;29;32
0;1;2 6;9;10;13;16;19;20;22;24;25;26
6 #edges, tree 22
31;33 3;4
6;9;10;13;16;19;20;22;24;25;26 35
6;9;10;13;16;19;20;22;24;25;26 31;33
6;9;10;13;16;19;20;22;24;25;26 30
0;1;2 28;29;32
0;1;2 6;9;10;13;16;19;20;22;24;25;26
6 #edges, tree 23
35 3;4
30 31;33
6;9;10;13;16;19;20;22;24;25;26 35
6;9;10;13;16;19;20;22;24;25;26 30
0;1;2 28;29;32
0;1;2 6;9;10;13;16;19;20;22;24;25;26
6 #edges, tree 24
31;33 3;4
30 31;33
6;9;10;13;16;19;20;22;24;25;26 35
6;9;10;13;16;19;20;22;24;25;26 30
0;1;2 28;29;32
0;1;2 6;9;10;13;16;19;20;22;24;25;26
6 #edges, tree 25
30 35
30 3;4
6;9;10;13;16;19;20;22;24;25;26 31;33
6;9;10;13;16;19;20;22;24;25;26 30
0;1;2 28;29;32
0;1;2 6;9;10;13;16;19;20;22;24;25;26
6 #edges, tree 26
35 31;33
30 35
30 3;4
6;9;10;13;16;19;20;22;24;25;26 30
0;1;2 28;29;32
0;1;2 6;9;10;13;16;19;20;22;24;25;26
6 #edges, tree 27
31;33 3;4
30 35
6;9;10;13;16;19;20;22;24;25;26 31;33
6;9;10;13;16;19;20;22;24;25;26 30
0;1;2 28;29;32
0;1;2 6;9;10;13;16;19;20;22;24;25;26
6 #edges, tree 28
35 3;4
30 35
6;9;10;13;16;19;20;22;24;25;26 31;33
6;9;10;13;16;19;20;22;24;25;26 30
0;1;2 28;29;32
0;1;2 6;9;10;13;16;19;20;22;24;25;26
6 #edges, tree 29
35 31;33
35 3;4
30 35
6;9;10;13;16;19;20;22;24;25;26 30
0;1;2 28;29;32
0;1;2 6;9;10;13;16;19;20;22;24;25;26
6 #edges, tree 30
35 31;33
31;33 3;4
30 35
6;9;10;13;16;19;20;22;24;25;26 30
0;1;2 28;29;32
0;1;2 6;9;10;13;16;19;20;22;24;25;26
6 #edges, tree 31
31;33 3;4
6;9;10;13;16;19;20;22;24;25;26 35
6;9;10;13;16;19;20;22;24;25;26 31;33
6;9;10;13;16;19;20;22;24;25;26 30
6;9;10;13;16;19;20;22;24;25;26 28;29;32
0;1;2 6;9;10;13;16;19;20;22;24;25;26
6 #edges, tree 32
31;33 3;4
30 35
6;9;10;13;16;19;20;22;24;25;26 31;33
6;9;10;13;16;19;20;22;24;25;26 30
6;9;10;13;16;19;20;22;24;25;26 28;29;32
0;1;2 6;9;10;13;16;19;20;22;24;25;26
6 #edges, tree 33
6;9;10;13;16;19;20;22;24;25;26 35
6;9;10;13;16;19;20;22;24;25;26 31;33
6;9;10;13;16;19;20;22;24;25;26 30
6;9;10;13;16;19;20;22;24;25;26 28;29;32
6;9;10;13;16;19;20;22;24;25;26 3;4
0;1;2 6;9;10;13;16;19;20;22;24;25;26
6 #edges, tree 34
30 35
6;9;10;13;16;19;20;22;24;25;26 31;33
6;9;10;13;16;19;20;22;24;25;26 30
6;9;10;13;16;19;20;22;24;25;26 28;29;32
6;9;10;13;16;19;20;22;24;25;26 3;4
0;1;2 6;9;10;13;16;19;20;22;24;25;26
6 #edges, tree 35
35 3;4
6;9;10;13;16;19;20;22;24;25;26 35
6;9;10;13;16;19;20;22;24;25;26 31;33
6;9;10;13;16;19;20;22;24;25;26 30
6;9;10;13;16;19;20;22;24;25;26 28;29;32
0;1;2 6;9;10;13;16;19;20;22;24;25;26
6 #edges, tree 36
30 3;4
6;9;10;13;16;19;20;22;24;25;26 35
6;9;10;13;16;19;20;22;24;25;26 31;33
6;9;10;13;16;19;20;22;24;25;26 30
6;9;10;13;16;19;20;22;24;25;26 28;29;32
0;1;2 6;9;10;13;16;19;20;22;24;25;26
6 #edges, tree 37
30 35
30 3;4
6;9;10;13;16;19;20;22;24;25;26 31;33
6;9;10;13;16;19;20;22;24;25;26 30
6;9;10;13;16;19;20;22;24;25;26 28;29;32
0;1;2 6;9;10;13;16;19;20;22;24;25;26
6 #edges, tree 38
35 3;4
30 35
6;9;10;13;16;19;20;22;24;25;26 31;33
6;9;10;13;16;19;20;22;24;25;26 30
6;9;10;13;16;19;20;22;24;25;26 28;29;32
0;1;2 6;9;10;13;16;19;20;22;24;25;26
6 #edges, tree 39
35 31;33
35 3;4
6;9;10;13;16;19;20;22;24;25;26 35
6;9;10;13;16;19;20;22;24;25;26 30
6;9;10;13;16;19;20;22;24;25;26 28;29;32
0;1;2 6;9;10;13;16;19;20;22;24;25;26
6 #edges, tree 40
35 31;33
6;9;10;13;16;19;20;22;24;25;26 35
6;9;10;13;16;19;20;22;24;25;26 30
6;9;10;13;16;19;20;22;24;25;26 28;29;32
6;9;10;13;16;19;20;22;24;25;26 3;4
0;1;2 6;9;10;13;16;19;20;22;24;25;26
6 #edges, tree 41
35 31;33
31;33 3;4
6;9;10;13;16;19;20;22;24;25;26 35
6;9;10;13;16;19;20;22;24;25;26 30
6;9;10;13;16;19;20;22;24;25;26 28;29;32
0;1;2 6;9;10;13;16;19;20;22;24;25;26
6 #edges, tree 42
35 31;33
30 3;4
6;9;10;13;16;19;20;22;24;25;26 35
6;9;10;13;16;19;20;22;24;25;26 30
6;9;10;13;16;19;20;22;24;25;26 28;29;32
0;1;2 6;9;10;13;16;19;20;22;24;25;26
6 #edges, tree 43
35 3;4
30 31;33
6;9;10;13;16;19;20;22;24;25;26 35
6;9;10;13;16;19;20;22;24;25;26 30
6;9;10;13;16;19;20;22;24;25;26 28;29;32
0;1;2 6;9;10;13;16;19;20;22;24;25;26
6 #edges, tree 44
30 31;33
6;9;10;13;16;19;20;22;24;25;26 35
6;9;10;13;16;19;20;22;24;25;26 30
6;9;10;13;16;19;20;22;24;25;26 28;29;32
6;9;10;13;16;19;20;22;24;25;26 3;4
0;1;2 6;9;10;13;16;19;20;22;24;25;26
6 #edges, tree 45
30 31;33
30 3;4
6;9;10;13;16;19;20;22;24;25;26 35
6;9;10;13;16;19;20;22;24;25;26 30
6;9;10;13;16;19;20;22;24;25;26 28;29;32
0;1;2 6;9;10;13;16;19;20;22;24;25;26
6 #edges, tree 46
31;33 3;4
30 31;33
6;9;10;13;16;19;20;22;24;25;26 35
6;9;10;13;16;19;20;22;24;25;26 30
6;9;10;13;16;19;20;22;24;25;26 28;29;32
0;1;2 6;9;10;13;16;19;20;22;24;25;26
6 #edges, tree 47
35 31;33
30 35
6;9;10;13;16;19;20;22;24;25;26 30
6;9;10;13;16;19;20;22;24;25;26 28;29;32
6;9;10;13;16;19;20;22;24;25;26 3;4
0;1;2 6;9;10;13;16;19;20;22;24;25;26
6 #edges, tree 48
35 31;33
30 35
30 3;4
6;9;10;13;16;19;20;22;24;25;26 30
6;9;10;13;16;19;20;22;24;25;26 28;29;32
0;1;2 6;9;10;13;16;19;20;22;24;25;26
6 #edges, tree 49
35 31;33
35 3;4
30 35
6;9;10;13;16;19;20;22;24;25;26 30
6;9;10;13;16;19;20;22;24;25;26 28;29;32
0;1;2 6;9;10;13;16;19;20;22;24;25;26
6 #edges, tree 50
35 31;33
31;33 3;4
30 35
6;9;10;13;16;19;20;22;24;25;26 30
6;9;10;13;16;19;20;22;24;25;26 28;29;32
0;1;2 6;9;10;13;16;19;20;22;24;25;26
